0 0.273965 0.839493 0.085648 0.135764
0 0.853082 0.942514 0.107055 0.108250
0 0.295113 0.461840 0.041711 0.046069
0 0.346762 0.490771 0.043320 0.051125
0 0.187453 0.392472 0.025938 0.025083
0 0.234801 0.395924 0.026805 0.026958
0 0.253395 0.402187 0.031586 0.032597
0 0.565844 0.442375 0.045844 0.041056
0 0.563727 0.485951 0.049016 0.042319
0 0.596844 0.640549 0.068109 0.091819
0 0.434059 0.901097 0.105336 0.197806
0 0.307414 0.529340 0.047016 0.072653
0 0.239656 0.521167 0.040266 0.063167
0 0.382117 0.624201 0.050766 0.077236
0 0.830715 0.612056 0.071617 0.062139
0 0.985582 0.636264 0.028383 0.087583
0 0.639145 0.561507 0.038602 0.050625
0 0.340457 0.421069 0.031586 0.039028
0 0.668086 0.521965 0.043828 0.044931
0 0.423809 0.421687 0.037070 0.034153
0 0.507133 0.464465 0.040359 0.037986
0 0.874926 0.697778 0.079148 0.081972
