0 0.785410 0.561993 0.099039 0.095264
0 0.456922 0.587201 0.055906 0.070347
0 0.386320 0.626479 0.060344 0.094069
0 0.482926 0.471910 0.041492 0.029542
0 0.575605 0.480167 0.052039 0.051056
0 0.613719 0.476444 0.036594 0.034639
0 0.306184 0.413299 0.020102 0.019597
0 0.482750 0.459958 0.040453 0.051111
0 0.528711 0.726479 0.068359 0.103097
0 0.585195 0.523118 0.048984 0.045514
0 0.274570 0.602410 0.042109 0.081208
0 0.430941 0.936785 0.148242 0.126431
0 0.821293 0.928208 0.167539 0.143583
0 0.456844 0.520222 0.052078 0.054972
0 0.346645 0.490132 0.043195 0.059486
0 0.264074 0.479250 0.041352 0.048750
0 0.718422 0.604090 0.064609 0.080347
0 0.850078 0.562396 0.061766 0.079153
