0 0.332496 0.536979 0.043039 0.062375
0 0.301055 0.650069 0.051656 0.093056
0 0.424316 0.566549 0.052336 0.080403
0 0.821996 0.559021 0.068773 0.055764
0 0.709703 0.551840 0.060687 0.062014
0 0.651070 0.442576 0.122703 0.085153
0 0.258871 0.546056 0.041852 0.098833
0 0.627832 0.872458 0.121305 0.175222
0 0.259754 0.947688 0.123570 0.104625
0 0.472035 0.971944 0.108414 0.056111
0 0.565293 0.478840 0.051898 0.052153
0 0.507090 0.428104 0.106133 0.081569
0 0.372934 0.511153 0.045258 0.047389
0 0.388258 0.423611 0.031813 0.031861
0 0.342555 0.430764 0.028891 0.027944
0 0.682031 0.497563 0.052500 0.052875
0 0.800590 0.506889 0.063258 0.047667
0 0.567648 0.498556 0.055547 0.091250
0 0.778430 0.655236 0.084578 0.071583
