0 0.267316 0.539250 0.040164 0.069194
0 0.560852 0.510090 0.048672 0.048569
0 0.289469 0.501903 0.037484 0.041806
0 0.866848 0.720812 0.096039 0.097514
0 0.227262 0.470313 0.069102 0.060264
0 0.779273 0.545604 0.044672 0.039958
0 0.745027 0.559569 0.055695 0.054778
0 0.396125 0.691528 0.059344 0.093444
0 0.659371 0.514181 0.059820 0.047861
0 0.240484 0.466326 0.041906 0.049708
0 0.347320 0.430799 0.035156 0.039181
0 0.732309 0.619354 0.070180 0.071347
0 0.507277 0.446028 0.116273 0.129833
0 0.430156 0.501076 0.046797 0.048931
0 0.367902 0.508944 0.044898 0.051167
0 0.502387 0.554028 0.049195 0.056472
0 0.620637 0.550562 0.052273 0.055542
