0 0.379543 0.513764 0.044539 0.061778
0 0.476270 0.632667 0.059898 0.081889
0 0.700043 0.537701 0.057023 0.058625
0 0.736105 0.518403 0.052773 0.050639
0 0.285625 0.625569 0.053938 0.103528
0 0.616543 0.497646 0.051570 0.059653
0 0.842543 0.615944 0.072773 0.069472
0 0.778332 0.642958 0.087617 0.117111
0 0.262273 0.898542 0.121719 0.191667
0 0.552844 0.472118 0.052297 0.055625
0 0.292566 0.503799 0.040148 0.049764
0 0.623305 0.679708 0.078016 0.101861
0 0.438078 0.582187 0.048578 0.062819
0 0.990824 0.642319 0.018023 0.057972
0 0.329164 0.538576 0.044172 0.062986
0 0.543758 0.582944 0.058734 0.074833
0 0.460551 0.519424 0.052867 0.059181
0 0.464695 0.451056 0.035906 0.036556
0 0.516125 0.429167 0.045063 0.041750
0 0.323777 0.443833 0.040414 0.042250
0 0.661070 0.466194 0.046453 0.051444
