0 0.839027 0.618604 0.091758 0.080875
0 0.835094 0.547250 0.083766 0.083472
0 0.532348 0.674667 0.070008 0.105194
0 0.447813 0.457743 0.046500 0.048264
0 0.440617 0.581764 0.052109 0.067083
0 0.342871 0.543014 0.040086 0.067778
0 0.491508 0.462472 0.038531 0.040222
0 0.626020 0.499549 0.052102 0.053181
0 0.722699 0.548438 0.064523 0.070153
0 0.595125 0.528715 0.048922 0.060597
0 0.250273 0.520042 0.046141 0.078083
0 0.290117 0.595347 0.079922 0.169028
0 0.353422 0.467528 0.048797 0.062000
0 0.499820 0.556868 0.065250 0.073042
